(0, b'floating_base', 4, -1, -1, 0, 0.0, 0.0, 0.0, -1.0, 0.0, 0.0, b'trunk', (0.0, 0.0, 0.0), (0.0, 0.0, 0.0), (0.0, 0.0, 0.0, 1.0), -1)
(1, b'imu_joint', 4, -1, -1, 0, 0.0, 0.0, 0.0, -1.0, 0.0, 0.0, b'imu_link', (0.0, 0.0, 0.0), (-0.012731, -0.002186, -0.000515), (0.0, 0.0, 0.0, 1.0), 0)
(2, b'FR_hip_joint', 0, 7, 6, 1, 0.0, 0.0, -0.802851455917, 0.802851455917, 20.0, 52.4, b'FR_hip', (1.0, 0.0, 0.0), (0.170269, -0.049186, -0.000515), (0.0, 0.0, 0.0, 1.0), 0)
(3, b'FR_thigh_joint', 0, 8, 7, 1, 0.0, 0.0, -1.0471975512, 4.18879020479, 55.0, 28.6, b'FR_thigh', (0.0, 1.0, 0.0), (0.003311, -0.084415, -3.1e-05), (0.0, 0.0, 0.0, 1.0), 2)
(4, b'FR_calf_joint', 0, 9, 8, 1, 0.0, 0.0, -2.69653369433, -0.916297857297, 55.0, 28.6, b'FR_calf', (0.0, 1.0, 0.0), (0.003237, -0.022327, -0.17267400000000002), (0.0, 0.0, 0.0, 1.0), 3)
(5, b'FR_foot_fixed', 4, -1, -1, 0, 0.0, 0.0, 0.0, -1.0, 0.0, 0.0, b'FR_foot', (0.0, 0.0, 0.0), (-0.006435, 0.0, -0.09261200000000001), (0.0, 0.0, 0.0, 1.0), 4)
(6, b'FL_hip_joint', 0, 10, 9, 1, 0.0, 0.0, -0.802851455917, 0.802851455917, 20.0, 52.4, b'FL_hip', (1.0, 0.0, 0.0), (0.170269, 0.044814, -0.000515), (0.0, 0.0, 0.0, 1.0), 0)
(7, b'FL_thigh_joint', 0, 11, 10, 1, 0.0, 0.0, -1.0471975512, 4.18879020479, 55.0, 28.6, b'FL_thigh', (0.0, 1.0, 0.0), (0.003311, 0.084415, -3.1e-05), (0.0, 0.0, 0.0, 1.0), 6)
(8, b'FL_calf_joint', 0, 12, 11, 1, 0.0, 0.0, -2.69653369433, -0.916297857297, 55.0, 28.6, b'FL_calf', (0.0, 1.0, 0.0), (0.003237, 0.022327, -0.17267400000000002), (0.0, 0.0, 0.0, 1.0), 7)
(9, b'FL_foot_fixed', 4, -1, -1, 0, 0.0, 0.0, 0.0, -1.0, 0.0, 0.0, b'FL_foot', (0.0, 0.0, 0.0), (-0.006435, 0.0, -0.09261200000000001), (0.0, 0.0, 0.0, 1.0), 8)
(10, b'RR_hip_joint', 0, 13, 12, 1, 0.0, 0.0, -0.802851455917, 0.802851455917, 20.0, 52.4, b'RR_hip', (1.0, 0.0, 0.0), (-0.195731, -0.049186, -0.000515), (0.0, 0.0, 0.0, 1.0), 0)
(11, b'RR_thigh_joint', 0, 14, 13, 1, 0.0, 0.0, -1.0471975512, 4.18879020479, 55.0, 28.6, b'RR_thigh', (0.0, 1.0, 0.0), (-0.003311, -0.084415, -3.1e-05), (0.0, 0.0, 0.0, 1.0), 10)
(12, b'RR_calf_joint', 0, 15, 14, 1, 0.0, 0.0, -2.69653369433, -0.916297857297, 55.0, 28.6, b'RR_calf', (0.0, 1.0, 0.0), (0.003237, -0.022327, -0.17267400000000002), (0.0, 0.0, 0.0, 1.0), 11)
(13, b'RR_foot_fixed', 4, -1, -1, 0, 0.0, 0.0, 0.0, -1.0, 0.0, 0.0, b'RR_foot', (0.0, 0.0, 0.0), (-0.006435, 0.0, -0.09261200000000001), (0.0, 0.0, 0.0, 1.0), 12)
(14, b'RL_hip_joint', 0, 16, 15, 1, 0.0, 0.0, -0.802851455917, 0.802851455917, 20.0, 52.4, b'RL_hip', (1.0, 0.0, 0.0), (-0.195731, 0.044814, -0.000515), (0.0, 0.0, 0.0, 1.0), 0)
(15, b'RL_thigh_joint', 0, 17, 16, 1, 0.0, 0.0, -1.0471975512, 4.18879020479, 55.0, 28.6, b'RL_thigh', (0.0, 1.0, 0.0), (-0.003311, 0.084415, -3.1e-05), (0.0, 0.0, 0.0, 1.0), 14)
(16, b'RL_calf_joint', 0, 18, 17, 1, 0.0, 0.0, -2.69653369433, -0.916297857297, 55.0, 28.6, b'RL_calf', (0.0, 1.0, 0.0), (0.003237, 0.022327, -0.17267400000000002), (0.0, 0.0, 0.0, 1.0), 15)
(17, b'RL_foot_fixed', 4, -1, -1, 0, 0.0, 0.0, 0.0, -1.0, 0.0, 0.0, b'RL_foot', (0.0, 0.0, 0.0), (-0.006435, 0.0, -0.09261200000000001), (0.0, 0.0, 0.0, 1.0), 16)
collision for pair 2 5 b'FR_hip' b'FR_foot' enabled= 1
collision for pair 2 8 b'FR_hip' b'FL_calf' enabled= 1
collision for pair 2 11 b'FR_hip' b'RR_thigh' enabled= 1
collision for pair 5 8 b'FR_foot' b'FL_calf' enabled= 1
collision for pair 5 11 b'FR_foot' b'RR_thigh' enabled= 1
collision for pair 8 11 b'FL_calf' b'RR_thigh' enabled= 1