(id, name, type, damping, friction, range_lower, range_upper, max_force, max_velocity, name, axis, parent_frame_pos, parent_frame_axis, parent_index)
(2, b'FR_hip_joint', 0, 7, 6, 1, 0.0, 0.0, -0.802851455917, 0.802851455917, 20.0, 52.4, b'FR_hip', (1.0, 0.0, 0.0), (0.170269, -0.049186, -0.000515), (0.0, 0.0, 0.0, 1.0), 0)
(3, b'FR_thigh_joint', 0, 8, 7, 1, 0.0, 0.0, -1.0471975512, 4.18879020479, 55.0, 28.6, b'FR_thigh', (0.0, 1.0, 0.0), (0.003311, -0.084415, -3.1e-05), (0.0, 0.0, 0.0, 1.0), 2)
(4, b'FR_calf_joint', 0, 9, 8, 1, 0.0, 0.0, -2.69653369433, -0.916297857297, 55.0, 28.6, b'FR_calf', (0.0, 1.0, 0.0), (0.003237, -0.022327, -0.17267400000000002), (0.0, 0.0, 0.0, 1.0), 3)
(6, b'FL_hip_joint', 0, 10, 9, 1, 0.0, 0.0, -0.802851455917, 0.802851455917, 20.0, 52.4, b'FL_hip', (1.0, 0.0, 0.0), (0.170269, 0.044814, -0.000515), (0.0, 0.0, 0.0, 1.0), 0)
(7, b'FL_thigh_joint', 0, 11, 10, 1, 0.0, 0.0, -1.0471975512, 4.18879020479, 55.0, 28.6, b'FL_thigh', (0.0, 1.0, 0.0), (0.003311, 0.084415, -3.1e-05), (0.0, 0.0, 0.0, 1.0), 6)
(8, b'FL_calf_joint', 0, 12, 11, 1, 0.0, 0.0, -2.69653369433, -0.916297857297, 55.0, 28.6, b'FL_calf', (0.0, 1.0, 0.0), (0.003237, 0.022327, -0.17267400000000002), (0.0, 0.0, 0.0, 1.0), 7)
(10, b'RR_hip_joint', 0, 13, 12, 1, 0.0, 0.0, -0.802851455917, 0.802851455917, 20.0, 52.4, b'RR_hip', (1.0, 0.0, 0.0), (-0.195731, -0.049186, -0.000515), (0.0, 0.0, 0.0, 1.0), 0)
(11, b'RR_thigh_joint', 0, 14, 13, 1, 0.0, 0.0, -1.0471975512, 4.18879020479, 55.0, 28.6, b'RR_thigh', (0.0, 1.0, 0.0), (-0.003311, -0.084415, -3.1e-05), (0.0, 0.0, 0.0, 1.0), 10)
(12, b'RR_calf_joint', 0, 15, 14, 1, 0.0, 0.0, -2.69653369433, -0.916297857297, 55.0, 28.6, b'RR_calf', (0.0, 1.0, 0.0), (0.003237, -0.022327, -0.17267400000000002), (0.0, 0.0, 0.0, 1.0), 11)
(14, b'RL_hip_joint', 0, 16, 15, 1, 0.0, 0.0, -0.802851455917, 0.802851455917, 20.0, 52.4, b'RL_hip', (1.0, 0.0, 0.0), (-0.195731, 0.044814, -0.000515), (0.0, 0.0, 0.0, 1.0), 0)
(15, b'RL_thigh_joint', 0, 17, 16, 1, 0.0, 0.0, -1.0471975512, 4.18879020479, 55.0, 28.6, b'RL_thigh', (0.0, 1.0, 0.0), (-0.003311, 0.084415, -3.1e-05), (0.0, 0.0, 0.0, 1.0), 14)
(16, b'RL_calf_joint', 0, 18, 17, 1, 0.0, 0.0, -2.69653369433, -0.916297857297, 55.0, 28.6, b'RL_calf', (0.0, 1.0, 0.0), (0.003237, 0.022327, -0.17267400000000002), (0.0, 0.0, 0.0, 1.0), 15)